990268383522434970932632623967327374395389219476145141970287250183899706537076020336448725969185623247920834837188777229018036373039420024868937805258194615481
511738779243335377259701915535327866339950746756539430596038334690224571245380741960970010685888380656461801424467785905264871254997155295683114032094925227341
67636769942225745301119032232573865635129131166745373680690748408325120450260804965574487859878725593274377352505592930795982784878996807712379968116354036351
504471083253417747069793917619722007984252881902153705478237419806326980917773237681224317908269509369779263443859775734692046713524098900011527537229545872814
649182771451697082174981448605064538895765676788712066291010758009281519083484111694793932424524246354361939421267175879975823606089051672818483619310725387754
609393782651706936218878114343694048936434299846909929777838344846504465934881814776418648678175339311215233708538975865347235560111285922693667781698643718563
388631885491147696742665164421269129035461469132656322082168711454976916568059908739312981859890823062739249225509135630284897955049691131631476216882566966309
456192748293614855172516545266443163817950419082395394506186764309027213928110442735511933748446676906782874161007127991188796646110284009850117799510427464551
609793808263589936211341208594433216744665379854562521465852079758339911842103856270829698867410709487988275674005198943506113173634614074367026685429770710480
385281736823220339579408421229039939183055301435232949898648230412982405408059008828308911072654671022441721835209569151504350670336110246138323704310586091749
588159649323459780404706981047323004279150437414916693138703658431608326204873489824021192952073022825976191899586089783346242989167000313783399885868163104036
417256599946018884759624799459746439423230701187795253055819712244856027237626235963653709883069696553316996340693713392379828895681064656704399926337249501482
471789069153825634998090229983944405974588737157691641820508717936207139733721492013850828410007265811502186707537772156202083436944366550167780318641646008627
335121055504124044010000290312779907009167928065099630911459373013929984027921741677184155898171396023012254838961814866233223420666677399636223550307791835518
